287

166 Ap. 61 sqq. 168 Mero. 296
77 74 774 477
777 77 ’ 777 477
77 77 774 477
so 77 777 477
47 77 77 477 777
77 77, 777 777 77

61
110
98
198

96 174 662 206
117 160 Hymn. in Venerem
118 124 19 174
119 178 20 sqq. 49
127 24 29 84
181 61 88 147
186 174 96 97
167 178 127 186
160 sqq. 180,]86 168 160
180 117 196 86
186 90 248 169
191 168 266 180
194 90 Hymn. 177 Cererem
199 Ι 98 l 46
207 7 20 146
264 107 28 189
291 208 88 168
294 107, 209 97 186
888 220 208 166

847 189 262 126
869 180,162 269 162

868 218 274 182

888 142 287 176

427 128 819 186

449 206 888 121

Hymn. in Apoll. 489 77 440 127

l 46 616 216 464 68Ι

16 effluo, 209 Hym. 477 Mercur. 466 126

19 112 14 6 amm 68

20 211 20 11 90 “ 70

29 7 76 41 89 70

60 sqq. 129 70 168 XXIII 8 204

88 119, 147 108 90 xm 10 81

41 128 112 144 12 61

42 148 288 214 18 90,107
47 164 266 6

 

