158
48
18

53
15

128
134

. 122

114
10
13

80
124
42

25

Σ 554
852
410
411
414
485
485
512
528
548
552
555
551

552 sqq.

235

152
51
52
150

145

158
110
85

125
55
51
51

188

105

111 1111111

518

Τ. 14
38

85

114
848
841
851

Υ. 48 sqq.
221
221
252 tq.
404
418
422

Φ. 21
31

22

53
204
81
15
45
82
158

52
15
151
148
184
185

118

112
102
15
54

Φ. 851
354
855
852
415
410
480
485
505
508

Χ 42
48

180
248
810
882
418
415
480

Ψ. 48
51

52·

12

88
52
54

200
120

11 111, 111
111 1· 11

88
222
284
302
881
355
458
538
544
122
840
850

Ω. 88
44

58

158
202
248
214

11
111
111
111
111

11, 111
111
111
111

11
100

155
145
28
111
122
125

γ.

402

151
285
858
821

55

58
282
221
222
228
284
855
851
818
821
102

112 d. 1
228111, 84

12

 

