142

163
164
171
131
136
230
236

136
41
103

. 206

67
72
166

6
102
120

183
231
263
238
361
370
376
376
330
413
414
437
636
643
663

116 A. 23

137

43

473 60

7
3

34Ι

160

234

6
37
76

11
901
11, 111
111
111
111
111
11
111
11
11
11
1111

63
76
216
33
123
166
168
160
100
77
132
146
122
123
177
113
137
64
122
33

200

64
163
106

263 sqq. 17

326

37

A. 336
332
338
403
407
427
463
634
637
643
673
636 sqq
763
811

Μ. 26
23

23

77
103
166
163

100 u. 366

206
160
76
63
42
61
173
64
1 16
207
160
103
163

116
107
203
26
124
163
163

111 11111111

273
303
317
423
433
443
464 sqq.
462
624

N. 6
10 sqq.
17
23

’67
14
73

104
133

204

213

277

163
127
216
31
36
120
117
117
23

108
126
143
13
141
73
120
108
164
134
103

441
466
632
664
730
733
136
317
313

’·, 166

170
171
133
130
216
223
236
243
264

386
436

434

. 108

163
133
187
131
216
264
310
336
443
673
626
631
703

166 ll 161

36
73

166

 

