236

010 ζ. 40 187 ι. 180 104 11080 107

13 33 13 133 133133 333 31
010 80 10 100133. 00
70 10013. 00 088 100 v. 08 sqq. 00
170 100 47 000 107 80 140
170 100 48 000 10 08 18 ,
00 148 87 800 88 111 80
04 101 48 888 10 148 80
113 133 133 333 33, 33 133 133
88 707 88 470 100 100 880
0 000 04, 188 480 080 108
100 000 808 408 040 114
100 800 74 801 00
181 081 84 , 10 000· 107
184 808 100 800 187
110 400 010
. 00 108

107 204 Ε. 00 105
118 018 80 140

123 37 101 807
133 133 1⁹⁰ 1⁶
133 31 1⁹⁹
331 131 8¹3

313 qq. 13 ³⁵⁶
331

3. 33 31 137
33 133133 131
11 111

333

133

133

133

133

33

133

11

3

 

